Topic,Topic.1,Topic.2,Topic.3,Topic.4,Topic.5,Topic.6,Topic.7,Topic.8,Topic.9
0.15764,5e-4,0.0613,0.47314,0.30491,5e-4,5e-4,5e-4,5e-4,5e-4
3.4e-4,3.4e-4,0.20945,0.78785,3.4e-4,3.4e-4,3.4e-4,3.4e-4,3.4e-4,3.4e-4
5.4e-4,5.4e-4,0.99516,5.4e-4,5.4e-4,5.4e-4,5.4e-4,5.4e-4,5.4e-4,5.4e-4
5.1e-4,5.1e-4,0.9476,0.04836,5.1e-4,5.1e-4,5.1e-4,5.1e-4,5.1e-4,5.1e-4
0.10909,0.46009,0.05627,0.10783,2.8e-4,2.8e-4,2.8e-4,2.8e-4,0.26533,2.8e-4
5.6e-4,5.6e-4,0.1238,0.19764,5.6e-4,5.6e-4,5.6e-4,5.6e-4,0.67465,5.6e-4
3e-4,3e-4,3e-4,3e-4,0.99728000000000006,3e-4,3e-4,3e-4,3e-4,3e-4
0.13119,5.7e-4,0.69693,5.7e-4,5.7e-4,5.7e-4,0.16793,5.7e-4,5.7e-4,5.7e-4
0.08286,0.05459,0.72289,4e-4,0.02977,4e-4,0.10789,4e-4,4e-4,4e-4
4.1e-4,4e-4,0.99636,4e-4,4e-4,4e-4,4e-4,4e-4,4e-4,4.1e-4
1e-4,1e-4,1e-4,1e-4,1e-4,0.08938,1e-4,1e-4,0.01795,0.89197
3e-4,3e-4,0.01283,3e-4,3e-4,3e-4,0.98475,3e-4,3e-4,3e-4
0.03074,1.9e-4,1.9e-4,1.9e-4,1.9e-4,1.9e-4,1.9e-4,1.9e-4,1.9e-4,0.9677
4.3e-4,4.3e-4,0.44194,0.18379,4.3e-4,4.3e-4,0.37123,4.3e-4,4.3e-4,4.3e-4
1.3e-4,1.3e-4,0.06857,1.3e-4,0.05936,1.3e-4,0.05045,1.3e-4,1.3e-4,0.82086
4.9e-4,4.9e-4,0.40166,4.9e-4,4.9e-4,4.9e-4,0.1585,4.9e-4,0.43644,4.9e-4
5.3e-4,5.3e-4,5.3e-4,0.16427,5.3e-4,5.3e-4,0.41537,5.3e-4,0.27633,0.14084
0.07012,0.7364,2.3e-4,0.1919,2.3e-4,2.3e-4,2.3e-4,2.3e-4,2.3e-4,2.3e-4
2.8e-4,2.8e-4,2.8e-4,0.45501,2.8e-4,2.8e-4,0.52051,2.8e-4,2.8e-4,0.02249
0.02968,3.7e-4,0.22475,0.66679,3.7e-4,3.7e-4,3.7e-4,3.7e-4,0.07656,3.7e-4
1.1e-4,0.0689,1.1e-4,1.1e-4,1.1e-4,1.1e-4,1.1e-4,0.00678,0.82711,0.09657
0.19713,4.3e-4,4.3e-4,4.3e-4,4.3e-4,4.3e-4,4.3e-4,4.3e-4,0.79942,4.3e-4
3.4e-4,3.4e-4,3.4e-4,0.9969,3.4e-4,3.4e-4,3.5e-4,3.4e-4,3.4e-4,3.4e-4
0.01112,0.01111,0.01111,0.01111,0.89998,0.01111,0.01111,0.01111,0.01111,0.01111
5.8e-4,0.07369,5.8e-4,5.8e-4,5.8e-4,5.8e-4,0.05621,5.8e-4,0.86606,5.8e-4
4.7e-4,4.7e-4,0.65317,0.33162,4.7e-4,4.7e-4,4.7e-4,4.7e-4,4.7e-4,0.0119
5.8e-4,5.8e-4,0.372,0.5813,5.8e-4,5.8e-4,5.8e-4,5.8e-4,5.8e-4,0.04261
2e-4,0.55263,2e-4,2e-4,2e-4,2e-4,2e-4,0.07165,0.37434,2e-4
0.00143,0.22671,0.73342,0.00143,0.02986,0.00143,0.00143,0.00143,0.00143,0.00143
0.04332,1.7e-4,1.7e-4,1.7e-4,1.7e-4,1.7e-4,1.7e-4,1.7e-4,1.7e-4,0.95532
2.5e-4,2.5e-4,0.03599,0.94279,2.5e-4,2.5e-4,0.01945,2.5e-4,2.5e-4,2.5e-4
0.38307,6.5e-4,6.5e-4,0.61173,6.5e-4,6.5e-4,6.5e-4,6.5e-4,6.5e-4,6.5e-4
0.12097,4.3e-4,4.3e-4,4.3e-4,0.83875,4.3e-4,0.03729,4.3e-4,4.3e-4,4.3e-4
0.53414,6e-4,6e-4,0.20408,6e-4,6e-4,6e-4,6e-4,0.25761,6e-4
0.09232,4.8e-4,0.63184,4.8e-4,0.27247,4.8e-4,4.8e-4,4.8e-4,4.8e-4,4.8e-4
0.10303,0.85468,0.00651,2.3e-4,2.3e-4,2.3e-4,2.3e-4,3.6e-4,0.03426,2.3e-4
0.19549,3.4e-4,3.4e-4,3.4e-4,3.4e-4,0.04436,3.4e-4,3.4e-4,3.4e-4,0.75779
0.148,1.1e-4,1.1e-4,0.10863,1.1e-4,0.22471,1.1e-4,0.06721,1.1e-4,0.45089
0.97631,0.00263,0.00263,0.00263,0.00263,0.00263,0.00263,0.00263,0.00263,0.00263
3.9e-4,3.9e-4,3.9e-4,3.9e-4,0.05571,3.9e-4,3.9e-4,3.9e-4,3.9e-4,0.9412
0.00238,0.00238,0.00238,0.00238,0.00238,0.00238,0.00238,0.2599,0.00238,0.72105
0.98269,0.00192,0.00192,0.00192,0.00192,0.00192,0.00192,0.00192,0.00192,0.00192
4.6e-4,4.6e-4,0.75933,0.23702,4.6e-4,4.6e-4,4.6e-4,4.6e-4,4.6e-4,4.6e-4
2.4e-4,0.32887,0.42935,2.4e-4,0.08172,2.4e-4,0.15862,2.4e-4,2.4e-4,2.4e-4
6.5e-4,0.26231,0.49429,6.5e-4,6.5e-4,6.5e-4,0.23885,6.5e-4,6.5e-4,6.5e-4
0.08495,4.6e-4,0.65181,4.6e-4,0.26,4.6e-4,4.6e-4,4.6e-4,4.6e-4,4.6e-4
5.4e-4,5.4e-4,5.4e-4,0.92137,0.07431,5.4e-4,5.4e-4,5.4e-4,5.4e-4,5.4e-4
0.00625,0.00625,0.09578,0.00625,0.00625,0.52821,0.00625,0.00625,0.00625,0.33224
2.4e-4,2.4e-4,0.24614,0.03851,2.4e-4,2.4e-4,2.4e-4,2.4e-4,0.71366,2.4e-4
4.8e-4,4.8e-4,4.8e-4,4.8e-4,4.8e-4,4.8e-4,4.8e-4,4.8e-4,4.8e-4,0.99565
5.3e-4,5.3e-4,5.3e-4,5.3e-4,5.3e-4,0.07104,5.3e-4,5.3e-4,5.3e-4,0.92468
0.97087,2.7e-4,2.7e-4,2.7e-4,2.7e-4,2.7e-4,2.7e-4,2.7e-4,2.7e-4,0.027
0.89999,0.01111,0.01111,0.01111,0.01111,0.01111,0.01111,0.01111,0.01111,0.01111
0.98394,1.8e-4,1.8e-4,1.8e-4,1.8e-4,1.8e-4,0.01463,1.8e-4,1.8e-4,1.8e-4
0.91487,7.5e-4,7.5e-4,7.5e-4,7.5e-4,7.5e-4,7.5e-4,0.07916,7.5e-4,7.5e-4
0.95744,1.9e-4,0.01443,1.9e-4,1.9e-4,1.9e-4,1.9e-4,1.9e-4,0.02681,1.9e-4
0.99579,4.7e-4,4.7e-4,4.7e-4,4.7e-4,4.7e-4,4.7e-4,4.7e-4,4.7e-4,4.7e-4
0.96866,0.02836,3.7e-4,3.7e-4,3.7e-4,3.7e-4,3.7e-4,3.7e-4,3.7e-4,3.7e-4
0.97506,3e-4,3e-4,3e-4,3e-4,3e-4,0.02253,3e-4,3e-4,3e-4
0.93483,2.9e-4,2.9e-4,2.9e-4,2.9e-4,0.06284,2.9e-4,2.9e-4,2.9e-4,2.9e-4
0.96636,4.3e-4,4.3e-4,4.3e-4,4.3e-4,4.3e-4,0.03016,4.3e-4,4.3e-4,4.3e-4
0.99626,4.2e-4,4.2e-4,4.2e-4,4.2e-4,4.2e-4,4.2e-4,4.2e-4,4.2e-4,4.2e-4
0.89844,3.3e-4,3.3e-4,0.02063,3.3e-4,3.3e-4,3.3e-4,3.3e-4,3.3e-4,0.07863
0.99434,6.3e-4,6.3e-4,6.3e-4,6.3e-4,6.3e-4,6.3e-4,6.3e-4,6.3e-4,6.3e-4
0.98411,3.3e-4,3.3e-4,3.3e-4,0.01327,3.3e-4,3.3e-4,3.3e-4,3.3e-4,3.3e-4
0.97686,2.9e-4,2.9e-4,2.9e-4,2.9e-4,2.9e-4,2.9e-4,0.0208,2.9e-4,2.9e-4
0.9709,0.02775,1.7e-4,1.7e-4,1.7e-4,1.7e-4,1.7e-4,1.7e-4,1.7e-4,1.7e-4
0.99552,5e-4,5e-4,5e-4,5e-4,5e-4,5e-4,5e-4,5e-4,5e-4
0.99638,4e-4,4e-4,4e-4,4e-4,4e-4,4e-4,4e-4,4e-4,4e-4
0.00385,0.00385,0.00385,0.00385,0.05293,0.00385,0.00385,0.00385,0.77491,0.14523
0.12344,0.50197,3.3e-4,0.13406,3.3e-4,3.3e-4,3.3e-4,3.3e-4,0.16294,0.07596
1.2e-4,1.2e-4,0.39708,0.28192,1.2e-4,1.2e-4,1.2e-4,1.2e-4,0.15429,0.16602
3.3e-4,3.3e-4,0.16118,0.34728,3.3e-4,3.3e-4,0.32292,3.3e-4,3.3e-4,0.16662
3.7e-4,3.7e-4,0.83387,0.16317,3.7e-4,3.7e-4,3.7e-4,3.7e-4,3.7e-4,3.7e-4
1.9e-4,1.9e-4,1.9e-4,1.9e-4,1.9e-4,1.9e-4,1.9e-4,1.9e-4,1.9e-4,0.99831
0.59133,0.00116,0.05222,0.00116,0.00116,0.00116,0.00116,0.00116,0.34832,0.00116
0.07378,0.05693,0.55524,0.20633,3.7e-4,3.7e-4,0.02293,3.7e-4,0.05859,0.02508
1.4e-4,1.4e-4,0.19973,0.03672,0.27569,0.08529,1.4e-4,1.4e-4,0.23193,0.1701
0.11453,0.6021,0.24738,2.8e-4,0.03429,2.8e-4,2.8e-4,2.8e-4,2.8e-4,2.8e-4
2.6e-4,0.18504,0.81291,2.6e-4,2.6e-4,2.6e-4,2.6e-4,2.6e-4,2.6e-4,2.6e-4
0.1944,3.8e-4,0.43911,3.8e-4,3.8e-4,3.8e-4,0.36383,3.8e-4,3.8e-4,3.8e-4
0.07047,9.6e-4,0.73417,0.13035,0.05924,9.6e-4,9.6e-4,9.6e-4,9.6e-4,9.6e-4
6e-4,6e-4,0.28041,6e-4,0.06809,0.09627,0.52009,0.03217,6e-4,6e-4
0.02135,5.9e-4,0.12549,0.23509,5.9e-4,0.33066,0.28446,5.9e-4,5.9e-4,5.9e-4
4.3e-4,4.3e-4,0.94068,4.3e-4,4.3e-4,4.3e-4,4.3e-4,4.3e-4,4.3e-4,0.05585
1.6e-4,1.6e-4,1.6e-4,1.6e-4,0.01668,1.6e-4,0.08417,0.02663,1.6e-4,0.87153
0.17349,2.7e-4,2.7e-4,2.7e-4,2.7e-4,2.7e-4,2.7e-4,2.7e-4,0.78532,0.0393
0.98269,0.00192,0.00192,0.00192,0.00192,0.00192,0.00192,0.00192,0.00192,0.00192
4.3e-4,4.3e-4,0.49448,4.3e-4,4.3e-4,4.3e-4,0.50207,4.3e-4,4.3e-4,4.3e-4
3.3e-4,3.3e-4,0.55156,3.3e-4,3.3e-4,0.28142,0.16475,3.3e-4,3.3e-4,3.3e-4
2.1e-4,2.1e-4,0.7214,2.1e-4,2.1e-4,0.18728,2.1e-4,0.05922,0.03082,2.1e-4
4.3e-4,4.3e-4,4.3e-4,0.43056,4.3e-4,0.47707,4.3e-4,4.3e-4,0.08938,4.3e-4
2.9e-4,0.06487,2.9e-4,0.20066,0.43687,2.9e-4,0.02091,2.9e-4,0.27525,2.9e-4
0.0125,0.0125,0.0125,0.0125,0.01251,0.0125,0.0125,0.01251,0.88748,0.0125
5.5e-4,0.37774,5.5e-4,0.02112,0.37414,0.09247,5.5e-4,0.13176,5.5e-4,5.5e-4
7.8e-4,7.8e-4,0.38457,0.06126,7.8e-4,7.8e-4,7.8e-4,7.8e-4,7.8e-4,0.5487
4.7e-4,4.7e-4,0.26238,4.7e-4,4.7e-4,4.7e-4,0.2759,4.7e-4,0.45841,4.7e-4
0.15245,6.1e-4,0.37187,6.1e-4,6.1e-4,6.1e-4,0.01567,6.1e-4,0.45633,6.1e-4
4.8e-4,4.8e-4,0.94417,4.8e-4,0.052,4.8e-4,4.8e-4,4.8e-4,4.8e-4,4.8e-4
4.2e-4,0.02626,0.23379,0.26515,4.2e-4,0.01704,0.24596,4.2e-4,0.21011,4.2e-4
0.04752,0.43127,4.2e-4,4.2e-4,4.2e-4,0.0677,4.2e-4,4.2e-4,0.45101,4.2e-4
7.3e-4,7.3e-4,0.87516,7.3e-4,7.3e-4,7.3e-4,0.02354,7.3e-4,7.3e-4,0.0962
4.2e-4,4.2e-4,0.99622,4.2e-4,4.2e-4,4.2e-4,4.2e-4,4.2e-4,4.2e-4,4.2e-4
0.17017,4.7e-4,4.7e-4,4.7e-4,4.7e-4,0.54689,4.7e-4,4.7e-4,0.17033,0.10982
1.3e-4,0.01501,1.3e-4,1.3e-4,1.3e-4,1.3e-4,1.3e-4,0.46129,1.3e-4,0.5228
0.02715,0.06049,0.20461,0.16316,0.29828,4.7e-4,4.7e-4,4.7e-4,0.17705,0.06786
4.3e-4,0.62394,4.3e-4,4.3e-4,4.3e-4,0.05996,4.3e-4,4.3e-4,0.31307,4.3e-4
0.11546,3.5e-4,0.22559,0.09616,3.5e-4,0.56069,3.5e-4,3.5e-4,3.5e-4,3.5e-4
1.6e-4,1.6e-4,0.98545,1.6e-4,1.6e-4,1.6e-4,0.01323,1.6e-4,1.6e-4,1.6e-4
0.32563,0.00278,0.221,0.43392,0.00278,0.00278,0.00278,0.00278,0.00278,0.00278
5.8e-4,0.38402,5.8e-4,0.22452,5.8e-4,5.8e-4,0.03317,5.8e-4,0.26672,0.08864
0.32269,5.9e-4,0.43525,5.9e-4,5.9e-4,5.9e-4,5.9e-4,5.9e-4,0.05482,0.1837
2e-4,0.47405,2e-4,2e-4,0.05916,0.23737,2e-4,0.17499,0.0534,2e-4
3.1e-4,0.18448,0.10356,3.1e-4,3.1e-4,0.22754,3.1e-4,3.1e-4,0.48254,3.1e-4
3.3e-4,3.3e-4,0.96659,3.3e-4,3.3e-4,3.3e-4,3.3e-4,3.3e-4,3.3e-4,0.03077
0.44014,6.5e-4,0.02853,0.16031,0.19959,0.1682,6.5e-4,6.5e-4,6.5e-4,6.5e-4
5.4e-4,5.4e-4,5.4e-4,5.4e-4,0.13214,0.40918,5.4e-4,0.04529,0.41014,5.4e-4
0.18174,7.5e-4,7.5e-4,7.5e-4,7.5e-4,7.5e-4,7.5e-4,7.5e-4,0.81224,7.5e-4
0.07757,0.50693,3.8e-4,0.09823,3.8e-4,3.8e-4,3.8e-4,0.04008,3.8e-4,0.27529
0.53745,3.5e-4,0.11321,0.18867,3.5e-4,3.5e-4,0.02877,0.08274,3.5e-4,0.04778
5.7e-4,0.79377,5.7e-4,5.7e-4,5.7e-4,5.7e-4,5.7e-4,5.7e-4,0.09896,0.10331
5.4e-4,5.4e-4,5.4e-4,0.99516,5.4e-4,5.4e-4,5.4e-4,5.4e-4,5.4e-4,5.4e-4
0.02019,0.79737,4.8e-4,4.8e-4,4.8e-4,4.8e-4,4.8e-4,4.8e-4,0.17909,4.8e-4
3.2e-4,0.2916,0.03488,0.24904,3.2e-4,3.2e-4,0.42256,3.2e-4,3.2e-4,3.2e-4
0.13512,6e-4,0.73086,6e-4,6e-4,6e-4,0.12985,6e-4,6e-4,6e-4
2.7e-4,2.7e-4,0.09458,0.2936,0.49226,0.11792,2.7e-4,2.7e-4,2.7e-4,2.7e-4
0.35857,0.00303,0.00303,0.61718,0.00303,0.00303,0.00303,0.00303,0.00303,0.00303
3e-4,3e-4,0.75964,0.23795,3e-4,3e-4,3e-4,3e-4,3e-4,3e-4
3.1e-4,0.88911,0.03708,3.1e-4,3.1e-4,3.1e-4,3.1e-4,3.1e-4,0.07167,3.1e-4
0.03334,0.44424,0.03333,0.03334,0.28907,0.03334,0.03333,0.03333,0.03333,0.03333
0.43162,0.00161,0.00161,0.00161,0.00161,0.00161,0.00161,0.55548,0.00161,0.00161
2.9e-4,2.9e-4,0.18417,2.9e-4,0.06006,2.9e-4,2.9e-4,0.75373,2.9e-4,2.9e-4
0.11304,5.7e-4,0.11541,0.76755,5.7e-4,5.7e-4,5.7e-4,5.7e-4,5.7e-4,5.7e-4
0.82387,0.00116,0.00116,0.00116,0.00116,0.00116,0.16683,0.00116,0.00116,0.00116
0.98085,0.00213,0.00213,0.00213,0.00213,0.00213,0.00213,0.00213,0.00213,0.00213
5.7e-4,5.7e-4,0.89218,0.10325,5.7e-4,5.7e-4,5.7e-4,5.7e-4,5.7e-4,5.7e-4
7e-4,7e-4,7e-4,0.17538,7e-4,7e-4,0.12407,7e-4,0.14355,0.55281
0.44281,8.9e-4,8.9e-4,8.9e-4,8.9e-4,8.9e-4,8.9e-4,8.9e-4,0.21038,0.34055
0.14263,6.1e-4,0.50983,0.29256,6.1e-4,6.1e-4,6.1e-4,0.05132,6.1e-4,6.1e-4
0.10997,5e-4,5e-4,0.36216,5e-4,0.49364,0.03126,5e-4,5e-4,5e-4
3.8e-4,3.8e-4,0.5467,3.8e-4,3.8e-4,3.8e-4,3.8e-4,0.31103,0.13961,3.8e-4
2.4e-4,2.4e-4,2.4e-4,2.4e-4,2.4e-4,2.4e-4,2.4e-4,2.4e-4,2.4e-4,0.99783
0.88749,0.0125,0.0125,0.0125,0.0125,0.0125,0.0125,0.0125,0.0125,0.0125
0.66536,0.0025,0.0025,0.0025,0.0025,0.16261,0.0025,0.0025,0.15453,0.0025
3e-4,3e-4,3e-4,0.33229,3e-4,0.09622,3e-4,0.51461,0.05508,3e-4
0.07942,4.9e-4,0.08238,0.71195,4.9e-4,4.9e-4,4.9e-4,4.9e-4,0.12328,4.9e-4
0.00114,0.11936,0.00114,0.00114,0.00114,0.00114,0.00114,0.00114,0.87154,0.00114
0.33144,2.2e-4,2.2e-4,2.2e-4,0.022,2.2e-4,2.2e-4,2.2e-4,0.64503,2.2e-4
4.2e-4,0.16188,0.62206,0.10514,0.031,4.2e-4,4.2e-4,4.2e-4,0.07785,4.2e-4
0.00141,0.20026,0.00141,0.00141,0.00141,0.06845,0.00141,0.00141,0.72144,0.00141
0.23644,9.5e-4,0.08988,9.5e-4,9.5e-4,9.5e-4,0.12348,9.5e-4,0.41012,0.13531
0.01193,1.9e-4,1.9e-4,0.05921,0.3249,1.9e-4,1.9e-4,1.9e-4,0.60279,1.9e-4
6e-4,6e-4,0.13627,6e-4,6e-4,0.52461,6e-4,0.3349,6e-4,6e-4
3.6e-4,3.6e-4,0.55975,0.21848,3.6e-4,0.21925,3.6e-4,3.6e-4,3.6e-4,3.6e-4
4.3e-4,4.3e-4,4.3e-4,4.3e-4,0.05378,0.067,4.3e-4,4.3e-4,0.18316,0.69351
0.89998,0.01111,0.01111,0.01111,0.01111,0.01111,0.01111,0.01111,0.01112,0.01111
0.00147,0.39845,0.00147,0.29196,0.2993,0.00147,0.00147,0.00147,0.00147,0.00147
0.00101,0.00101,0.00101,0.99091,0.00101,0.00101,0.00101,0.00101,0.00101,0.00101
3.8e-4,3.8e-4,3.8e-4,0.55826,3.8e-4,0.12293,0.31618,3.8e-4,3.8e-4,3.8e-4
0.68542,0.00154,0.00154,0.00154,0.00154,0.00154,0.30227,0.00154,0.00154,0.00154
0.13015,4.2e-4,4.2e-4,0.10192,4.2e-4,0.25947,0.33443,4.2e-4,0.17194,4.2e-4
0.58406,0.00093000000000000005,0.00093000000000000005,0.00093000000000000005,0.00093000000000000005,0.00093000000000000005,0.00093000000000000005,0.00093000000000000005,0.40846,0.00093000000000000005
0.08521,2.9e-4,2.9e-4,0.04583,2.9e-4,0.00993,2.9e-4,2.9e-4,2.9e-4,0.85731
0.33325,8.2e-4,0.60258,8.2e-4,8.2e-4,8.2e-4,8.2e-4,8.2e-4,8.2e-4,0.05844
2.1e-4,0.18231,2.1e-4,2.1e-4,2.1e-4,0.10222,2.1e-4,0.04509,0.40995,0.25938
0.78685,0.00278,0.00278,0.19093,0.00278,0.00278,0.00278,0.00278,0.00278,0.00278
2.3e-4,2.3e-4,0.05922,2.3e-4,0.01632,0.08071,2.3e-4,2.3e-4,2.3e-4,0.84238
0.2873,3.4e-4,3.4e-4,0.23678,0.44014,3.4e-4,3.4e-4,3.4e-4,0.03374,3.4e-4
5.5e-4,5.5e-4,5.5e-4,5.5e-4,5.5e-4,5.5e-4,5.5e-4,5.5e-4,0.99505,5.5e-4
0.44475,5.2e-4,5.2e-4,0.55106,5.2e-4,5.2e-4,5.2e-4,5.2e-4,5.2e-4,5.2e-4
0.88566,8.9e-4,8.9e-4,8.9e-4,8.9e-4,0.10726,8.9e-4,8.9e-4,8.9e-4,8.9e-4
0.22314,0.00093000000000000005,0.00093000000000000005,0.00093000000000000005,0.00093000000000000005,0.00093000000000000005,0.00093000000000000005,0.00093000000000000005,0.2839,0.48648
0.11833,2.9e-4,0.04165,0.01251,2.9e-4,2.9e-4,2.9e-4,2.9e-4,0.63567,0.19036
4.6e-4,4.6e-4,4.6e-4,4.6e-4,0.23792,0.16243,0.04607,4.6e-4,0.52452,0.02678
4.6e-4,4.6e-4,0.5601,4.6e-4,4.6e-4,4.6e-4,4.6e-4,0.06261,0.15491,0.21963
0.70267,0.0013,0.0013,0.28694,0.0013,0.0013,0.0013,0.0013,0.0013,0.0013
0.99636,4e-4,4e-4,4e-4,4e-4,4e-4,4e-4,4e-4,4e-4,4e-4
0.01197,2.4e-4,2.4e-4,0.16184,2.4e-4,2.4e-4,2.4e-4,2.4e-4,0.774,0.05075
0.10666,0.06809,3e-4,0.01771,3e-4,0.04345,0.2762,3e-4,0.09064,0.39634
0.43001,0.10539,0.00278,0.00278,0.44514,0.00278,0.00278,0.00278,0.00278,0.00278
0.02235,4.8e-4,0.97384,4.8e-4,4.8e-4,4.8e-4,4.8e-4,4.8e-4,4.8e-4,4.8e-4
8e-4,8e-4,8e-4,8e-4,0.06534,8e-4,0.17516,8e-4,0.23046,0.52424
0.09041,4.7e-4,0.1785,0.48502,4.7e-4,4.7e-4,4.7e-4,4.7e-4,0.19509,0.04861
0.11942,2.6e-4,0.81557,2.6e-4,2.6e-4,0.06322,2.6e-4,2.6e-4,2.6e-4,2.6e-4
0.12151,0.00147,0.00147,0.24803,0.04816,0.57347,0.00147,0.00147,0.00147,0.00147
2.3e-4,2.3e-4,2.3e-4,2.3e-4,0.10293,2.3e-4,2.3e-4,2.3e-4,0.23039,0.66508
0.5004,5.3e-4,0.2411,0.25481,5.3e-4,5.3e-4,5.3e-4,5.3e-4,5.3e-4,5.3e-4
0.04307,1.5e-4,1.5e-4,0.04711,1.5e-4,0.1774,1.5e-4,1.5e-4,1.5e-4,0.7315
0.07686,0.14166,0.56222,0.2168,4.1e-4,4.1e-4,4.1e-4,4.1e-4,4.1e-4,4.1e-4
9.8e-4,9.8e-4,9.8e-4,0.61089,9.8e-4,9.8e-4,9.8e-4,9.8e-4,0.38127,9.8e-4
0.84996,0.01667,0.01667,0.01668,0.01667,0.01667,0.01667,0.01667,0.01668,0.01667
5.3e-4,5.3e-4,0.99524,5.3e-4,5.3e-4,5.3e-4,5.3e-4,5.3e-4,5.3e-4,5.3e-4
4e-4,0.27888,0.32475,4e-4,4e-4,4e-4,0.31449,4e-4,4e-4,0.07945
6.8e-4,6.8e-4,0.85797,0.13659,6.8e-4,6.8e-4,6.8e-4,6.8e-4,6.8e-4,6.8e-4
0.04306,5e-4,0.95292,5e-4,5e-4,5e-4,5e-4,5e-4,5e-4,5e-4
0.00476,0.00476,0.75079,0.00476,0.00476,0.00476,0.00476,0.00476,0.21111,0.00476
4.2e-4,4.2e-4,0.57572,0.42096,4.2e-4,4.2e-4,4.2e-4,4.2e-4,4.2e-4,4.2e-4
4.1e-4,4.1e-4,0.9963,4.1e-4,4.1e-4,4.1e-4,4.1e-4,4.1e-4,4.1e-4,4.1e-4
2.4e-4,2.4e-4,0.99785,2.4e-4,2.4e-4,2.4e-4,2.4e-4,2.4e-4,2.4e-4,2.4e-4
0.06572,4.9e-4,0.83751,4.9e-4,4.9e-4,4.9e-4,4.9e-4,4.9e-4,0.09336,4.9e-4
3e-4,3e-4,0.50352,0.47962,0.01478,3e-4,3e-4,3e-4,3e-4,3e-4
0.0387,4.2e-4,0.01396,4.2e-4,4.2e-4,4.2e-4,0.03948,0.01381,0.86017,0.03222
0.33071,5e-4,5e-4,5e-4,5e-4,5e-4,0.66529,5e-4,5e-4,5e-4
0.02933,2.2e-4,2.2e-4,2.2e-4,0.08123,2.2e-4,2.2e-4,2.2e-4,0.74941,0.13873
0.25521,2.9e-4,2.9e-4,2.9e-4,2.9e-4,2.9e-4,0.01224,2.9e-4,0.30148,0.42932
0.07511,5.2e-4,0.70167,0.10383,5.2e-4,0.1163,5.2e-4,5.2e-4,5.2e-4,5.2e-4
0.05812,8.7e-4,8.7e-4,0.09543,8.7e-4,8.7e-4,0.79112,0.05012,8.7e-4,8.7e-4
2.8e-4,2.8e-4,2.8e-4,2.8e-4,2.8e-4,2.8e-4,2.8e-4,0.95216,2.8e-4,0.0456
4.8e-4,0.05443,0.16746,0.77475,4.8e-4,4.8e-4,4.8e-4,4.8e-4,4.8e-4,4.8e-4
2.5e-4,2.5e-4,0.23746,0.76055,2.5e-4,2.5e-4,2.5e-4,2.5e-4,2.5e-4,2.5e-4
0.18817,2.1e-4,0.1517,0.19137,2.1e-4,2.1e-4,0.41945,2.1e-4,0.04825,2.1e-4
0.985,0.00167,0.00167,0.00167,0.00167,0.00167,0.00167,0.00167,0.00167,0.00167
0.17642,3.8e-4,0.121,0.22103,0.07643,3.8e-4,0.07899,3.8e-4,0.32463,3.8e-4
3.6e-4,0.09011,0.13909,0.70409,3.6e-4,3.6e-4,3.6e-4,3.6e-4,0.06453,3.6e-4
6.3e-4,6.3e-4,0.84385,6.3e-4,6.3e-4,0.15108,6.3e-4,6.3e-4,6.3e-4,6.3e-4
0.97567,0.0027,0.0027,0.0027,0.0027,0.0027,0.0027,0.0027,0.0027,0.0027
2.5e-4,2.5e-4,2.5e-4,0.48403,0.06979,0.39774,0.04691,2.5e-4,2.5e-4,2.5e-4
5.1e-4,5.1e-4,0.45077,0.17374,5.1e-4,5.1e-4,0.37195,5.1e-4,5.1e-4,5.1e-4
3.1e-4,3.1e-4,3.1e-4,3.1e-4,3.1e-4,3.1e-4,0.99717,3.1e-4,3.1e-4,3.1e-4
4.7e-4,4.7e-4,4.7e-4,0.72325,4.7e-4,4.7e-4,4.7e-4,4.7e-4,0.16317,0.11027
0.06177,2.8e-4,2.8e-4,0.93597,2.8e-4,2.8e-4,2.8e-4,2.8e-4,2.8e-4,2.8e-4
4.3e-4,4.3e-4,0.48429,4.3e-4,4.3e-4,0.07902,4.3e-4,4.3e-4,0.43368,4.3e-4
5e-4,0.59293,0.26409,5e-4,5e-4,5e-4,5e-4,5e-4,0.1395,5e-4
2.8e-4,0.07224,2.8e-4,0.24036,0.32317,0.19143,2.8e-4,2.8e-4,0.17138,2.8e-4
0.05608,2.3e-4,2.3e-4,2.3e-4,0.02265,0.02563,2.3e-4,2.3e-4,0.89424,2.3e-4
2.7e-4,2.7e-4,2.7e-4,0.15268,2.7e-4,0.0863,0.43595,2.7e-4,2.7e-4,0.32342
3.1e-4,3.1e-4,3.1e-4,0.39256,0.03621,3.1e-4,0.54733,3.1e-4,3.1e-4,0.02205
0.01018,3.9e-4,3.9e-4,0.40903,3.9e-4,0.05197,0.5265,3.9e-4,3.9e-4,3.9e-4
0.14872,7.9e-4,7.9e-4,0.0891,0.04489,7.9e-4,0.1365,7.9e-4,7.9e-4,0.57685
4.7e-4,4.7e-4,4.7e-4,4.7e-4,4.7e-4,4.7e-4,0.0725,4.7e-4,0.07753,0.84664
0.00715,0.00714,0.00714,0.37049,0.00714,0.00714,0.10712,0.00714,0.47238,0.00714
3.3e-4,3.3e-4,0.56323,3.3e-4,3.3e-4,3.3e-4,0.43414,3.3e-4,3.3e-4,3.3e-4
0.08368,7.8e-4,0.15406,0.66264,7.8e-4,7.8e-4,0.09494,7.8e-4,7.8e-4,7.8e-4
4.9e-4,4.9e-4,0.10227,0.18974,0.11292,0.40558,0.1745,0.01305,4.9e-4,4.9e-4
0.14355,3.1e-4,3.1e-4,3.1e-4,0.02891,0.19389,3.1e-4,0.02065,0.11091,0.50085
4.2e-4,4.2e-4,0.30652,0.69015,4.2e-4,4.2e-4,4.2e-4,4.2e-4,4.2e-4,4.2e-4
6.5e-4,6.5e-4,0.07248,0.34187,0.28972,6.5e-4,6.5e-4,0.00767,0.28501,6.5e-4
0.92558,0.00145,0.00145,0.00145,0.00145,0.00145,0.00145,0.00145,0.06282,0.00145
0.80742,0.00149,0.18064,0.00149,0.00149,0.00149,0.00149,0.00149,0.00149,0.00149
0.98,0.00222,0.00222,0.00222,0.00222,0.00222,0.00222,0.00222,0.00222,0.00222
0.17736,6.7e-4,0.26464,0.2108,0.30729,6.7e-4,6.7e-4,6.7e-4,0.03654,6.7e-4
3.7e-4,3.7e-4,3.7e-4,3.7e-4,3.7e-4,3.7e-4,3.7e-4,0.99665,3.7e-4,3.7e-4
0.93547,9.6e-4,9.6e-4,9.6e-4,9.6e-4,9.6e-4,0.05684,9.6e-4,9.6e-4,9.6e-4
0.91817,0.00909,0.00909,0.00909,0.00909,0.00909,0.00909,0.00909,0.00909,0.00909
0.98695,0.00145,0.00145,0.00145,0.00145,0.00145,0.00145,0.00145,0.00145,0.00145
0.99867,1.5e-4,1.5e-4,1.5e-4,1.5e-4,1.5e-4,1.5e-4,1.5e-4,1.5e-4,1.5e-4
0.82314,0.00625,0.00625,0.00625,0.00625,0.00625,0.00625,0.12685,0.00625,0.00625
0.5612,0.00132,0.00132,0.00132,0.00132,0.00132,0.00132,0.00132,0.35925,0.07033
0.06971,3.7e-4,0.21332,0.10568,3.7e-4,3.7e-4,3.7e-4,3.7e-4,0.51461,0.09485
0.81162,7.2e-4,7.2e-4,7.2e-4,7.2e-4,0.05917,0.12414,7.2e-4,7.2e-4,7.2e-4
3.8e-4,3.8e-4,0.05145,3.8e-4,3.8e-4,0.03776,0.90814,3.8e-4,3.8e-4,3.8e-4
1.4e-4,1.4e-4,1.4e-4,1.4e-4,1.4e-4,0.9987,1.4e-4,1.4e-4,1.4e-4,1.4e-4
0.00196,0.00196,0.98235,0.00196,0.00196,0.00196,0.00196,0.00196,0.00196,0.00196
1.4e-4,1.4e-4,1.4e-4,1.4e-4,1.4e-4,1.4e-4,1.4e-4,1.4e-4,1.4e-4,0.99872
1e-4,1e-4,1e-4,1e-4,1e-4,1e-4,1e-4,1e-4,1e-4,0.99913
0.16945,0.24933,1.3e-4,1.3e-4,1.3e-4,1.3e-4,1.4e-4,1.3e-4,0.39912,0.18129
0.98676,0.00147,0.00147,0.00147,0.00147,0.00147,0.00147,0.00147,0.00147,0.00147
0.98861,0.00127,0.00127,0.00127,0.00127,0.00127,0.00127,0.00127,0.00127,0.00127
0.91695,0.00147,0.07128,0.00147,0.00147,0.00147,0.00147,0.00147,0.00147,0.00147
0.97907,0.00233,0.00233,0.00233,0.00233,0.00233,0.00233,0.00233,0.00233,0.00233
0.13443,6.9e-4,0.18855,6.9e-4,0.0909,6.9e-4,6.9e-4,6.9e-4,0.52785,0.0548
0.30582,0.00385,0.08877,0.57848,0.00385,0.00385,0.00385,0.00385,0.00385,0.00385
0.17614,4.6e-4,0.49089,0.32974,4.6e-4,4.6e-4,4.6e-4,4.6e-4,4.6e-4,4.6e-4
6.6e-4,0.99408,6.6e-4,6.6e-4,6.6e-4,6.6e-4,6.6e-4,6.6e-4,6.6e-4,6.6e-4
0.00093000000000000005,0.62821,0.29455,0.00093000000000000005,0.00093000000000000005,0.00093000000000000005,0.03207,0.00093000000000000005,0.03956,0.00093000000000000005
4.2e-4,4.2e-4,0.46565,0.25657,4.2e-4,4.2e-4,0.27484,4.2e-4,4.2e-4,4.2e-4
2.3e-4,0.71732,2.3e-4,2.3e-4,2.3e-4,2.3e-4,2.3e-4,2.3e-4,0.28088,2.3e-4
0.10494,5.7e-4,0.41769,0.47339,5.7e-4,5.7e-4,5.7e-4,5.7e-4,5.7e-4,5.7e-4
7.4e-4,7.4e-4,0.62697,7.4e-4,7.4e-4,7.4e-4,0.36714,7.4e-4,7.4e-4,7.4e-4
0.96666,0.0037,0.0037,0.0037,0.0037,0.0037,0.0037,0.00371,0.0037,0.0037
0.12972,1.3e-4,1.3e-4,0.38156,1.3e-4,0.05891,1.3e-4,1.3e-4,0.27777,0.15142
0.32346,2.8e-4,0.2968,0.37781,2.8e-4,2.8e-4,2.8e-4,2.8e-4,2.8e-4,2.8e-4
0.15531,2.6e-4,2.6e-4,0.07387,2.6e-4,2.6e-4,2.6e-4,0.70671,0.06254,2.6e-4
3.8e-4,0.64678,3.8e-4,3.8e-4,3.8e-4,0.35021,3.8e-4,3.8e-4,3.8e-4,3.8e-4
0.26678,0.00123,0.00123,0.18874,0.00123,0.00123,0.00123,0.00123,0.00123,0.53583
8.5e-4,8.5e-4,0.55429,8.5e-4,0.37349,8.5e-4,8.5e-4,8.5e-4,0.06623,8.5e-4
0.13301,2.6e-4,2.6e-4,2.6e-4,0.06771,2.6e-4,2.6e-4,0.02781,0.76994,2.6e-4
4.2e-4,4.2e-4,4.2e-4,0.29914,0.13857,0.14898,0.02913,4.2e-4,0.38211,4.2e-4
0.00093000000000000005,0.08443,0.90816,0.00093000000000000005,0.00093000000000000005,0.00093000000000000005,0.00093000000000000005,0.00093000000000000005,0.00093000000000000005,0.00093000000000000005
6e-4,0.01883,0.84485,6e-4,6e-4,0.13213,6e-4,6e-4,6e-4,6e-4
0.10441,0.33796,3.8e-4,0.40703,3.8e-4,0.11975,3.8e-4,3.8e-4,0.02895,3.8e-4
6.9e-4,0.21874,6.9e-4,6.9e-4,0.25641,6.9e-4,6.9e-4,6.9e-4,0.35327,0.16741
0.00093000000000000005,0.00093000000000000005,0.8275,0.10672,0.00093000000000000005,0.05924,0.00093000000000000005,0.00093000000000000005,0.00093000000000000005,0.00093000000000000005
0.60594,8.6e-4,8.6e-4,0.15263,8.6e-4,8.6e-4,8.6e-4,8.6e-4,0.23539,8.6e-4
0.13221,3.3e-4,3.3e-4,3.3e-4,3.3e-4,3.3e-4,3.3e-4,3.3e-4,3.3e-4,0.86513
0.84526,0.00149,0.00149,0.14279,0.00149,0.00149,0.00149,0.00149,0.00149,0.00149
0.3465,0.00303,0.00303,0.00303,0.00303,0.00303,0.00303,0.00303,0.62925,0.00303
0.00238,0.00238,0.00238,0.82152,0.00238,0.00238,0.00238,0.00238,0.15942,0.00238
4.4e-4,4.4e-4,4.4e-4,4.4e-4,4.4e-4,0.78686,4.4e-4,4.4e-4,0.0818,0.12826
6.5e-4,6.5e-4,0.28205,6.5e-4,0.20462,0.41342,6.5e-4,6.5e-4,0.09599,6.5e-4
5.6e-4,0.14966,0.08545,5.6e-4,5.6e-4,5.6e-4,5.6e-4,5.6e-4,0.76096,5.6e-4
5.8e-4,5.8e-4,5.8e-4,0.13799,5.8e-4,5.8e-4,0.77575,5.8e-4,5.8e-4,0.08222
3.8e-4,3.8e-4,0.05975,3.8e-4,3.8e-4,0.57536,3.8e-4,0.36221,3.8e-4,3.8e-4
0.98125,0.00208,0.00208,0.00208,0.00208,0.00208,0.00208,0.00208,0.00208,0.00208
0.85677,0.00141,0.00141,0.05476,0.07861,0.00141,0.00141,0.00141,0.00141,0.00141
3.8e-4,0.845,3.8e-4,0.10555,0.02247,3.8e-4,3.8e-4,3.8e-4,3.8e-4,0.02469
7.9e-4,7.9e-4,0.19587,7.9e-4,7.9e-4,0.26015,7.9e-4,0.42933,0.10993,7.9e-4
6.5e-4,6.5e-4,0.95911,6.5e-4,0.03573,6.5e-4,6.5e-4,6.5e-4,6.5e-4,6.5e-4
0.28269,7e-4,7e-4,0.23791,7e-4,7e-4,0.38338,7e-4,7e-4,0.09183
0.07936,5e-4,0.68405,5e-4,5e-4,5e-4,5e-4,5e-4,5e-4,0.2331
3.3e-4,0.77178,3.3e-4,3.3e-4,3.3e-4,3.3e-4,3.3e-4,3.3e-4,0.22556,3.3e-4
0.00769,0.00769,0.55364,0.26562,0.00769,0.00769,0.00769,0.00769,0.12688,0.00769
3.5e-4,0.29542,3.5e-4,0.17459,3.5e-4,3.5e-4,0.05431,3.5e-4,0.47358,3.5e-4
0.07606,0.17901,0.19704,0.54591,3.3e-4,3.3e-4,3.3e-4,3.3e-4,3.3e-4,3.3e-4
5.2e-4,5.2e-4,0.17992,0.69995,0.1165,5.2e-4,5.2e-4,5.2e-4,5.2e-4,5.2e-4
2.4e-4,2.4e-4,0.07078,2.4e-4,0.88391,2.4e-4,2.4e-4,2.4e-4,2.4e-4,0.04364
3.9e-4,0.20803,0.12922,0.37174,3.9e-4,3.9e-4,3.9e-4,3.9e-4,3.9e-4,0.28867
5e-4,5e-4,0.9064,5e-4,0.03811,5e-4,5e-4,5e-4,0.05201,5e-4
3.9e-4,0.14486,0.5345,0.27229,3.9e-4,3.9e-4,3.9e-4,3.9e-4,0.04599,3.9e-4
0.01649,4.5e-4,0.45027,0.36541,0.02192,4.5e-4,4.5e-4,4.5e-4,0.14366,4.5e-4
4.4e-4,4.4e-4,4.4e-4,4.4e-4,4.4e-4,0.32988,4.4e-4,4.4e-4,0.66661,4.4e-4
0.01429,0.01429,0.01429,0.8714,0.01429,0.01429,0.01429,0.01429,0.01429,0.01429
4.3e-4,4.3e-4,0.99614,4.3e-4,4.3e-4,4.3e-4,4.3e-4,4.3e-4,4.3e-4,4.3e-4
4e-4,4e-4,4e-4,0.73534,4e-4,0.26149,4e-4,4e-4,4e-4,4e-4
6.9e-4,6.9e-4,0.72911,6.9e-4,6.9e-4,6.9e-4,6.9e-4,6.9e-4,0.26537,6.9e-4
0.15348,0.28606,0.1498,6.1e-4,6.1e-4,0.37453,6.1e-4,6.1e-4,0.0331,6.1e-4
0.05926,4e-4,4e-4,0.58119,4e-4,0.3548,0.00236,4e-4,4e-4,4e-4
0.07214,5.6e-4,5.6e-4,0.19493,5.6e-4,5.6e-4,5.6e-4,5.6e-4,0.63964,0.08995
9.4e-4,9.4e-4,0.13652,0.21525,9.4e-4,9.4e-4,9.4e-4,0.64162,9.4e-4,9.4e-4
7.2e-4,0.05401,0.10968,7.2e-4,0.55743,7.2e-4,7.2e-4,0.27456,7.2e-4,7.2e-4
0.05775,2.8e-4,0.94002,2.8e-4,2.8e-4,2.8e-4,2.8e-4,2.8e-4,2.8e-4,2.8e-4
6.2e-4,0.06267,0.54207,6.2e-4,0.16897,6.2e-4,0.22258,6.2e-4,6.2e-4,6.2e-4
0.8061,3.8e-4,3.8e-4,3.8e-4,3.8e-4,3.8e-4,3.8e-4,3.8e-4,0.05803,0.13323
5.1e-4,0.44506,0.03181,0.1016,5.1e-4,5.1e-4,5.1e-4,5.1e-4,0.34717,0.07184
2.2e-4,2.2e-4,2.2e-4,2.2e-4,2.2e-4,2.2e-4,2.2e-4,2.2e-4,0.79383,0.20441
0.12972,1.3e-4,0.09911,0.04854,1.3e-4,1.3e-4,1.3e-4,1.3e-4,0.72188,1.3e-4
0.09642,6.1e-4,6.1e-4,6.1e-4,6.1e-4,6.1e-4,0.10173,6.1e-4,6.1e-4,0.79756
0.82096,0.00143,0.09384,0.00143,0.00143,0.00143,0.00143,0.0752,0.00143,0.00143
0.57245,5e-5,5e-5,5e-5,5e-5,5e-5,5e-5,0.00639,5e-5,0.42081
0.14029,2.9e-4,0.0802,0.66172,2.9e-4,2.9e-4,0.11606,2.9e-4,2.9e-4,2.9e-4
0.93571,0.00714,0.00714,0.00714,0.00714,0.00714,0.00714,0.00714,0.00714,0.00714
0.64374,3.2e-4,3.2e-4,3.2e-4,3.2e-4,3.2e-4,0.07377,3.2e-4,0.26067,0.01993
3.7e-4,3.7e-4,0.25737,0.73969,3.7e-4,3.7e-4,3.7e-4,3.7e-4,3.7e-4,3.7e-4
0.12873,1.6e-4,0.15753,0.00415,1.6e-4,0.47766,1.6e-4,1.6e-4,0.23113,1.6e-4
4.1e-4,0.26653,0.31882,0.34788,4.1e-4,4.1e-4,4.1e-4,4.1e-4,0.03839,0.02631
5.4e-4,5.4e-4,5.4e-4,0.78,5.4e-4,5.4e-4,5.4e-4,5.4e-4,0.10497,0.11123
3.7e-4,0.07252,3.7e-4,0.06206,0.04554,3.7e-4,0.81765,3.7e-4,3.7e-4,3.7e-4
2e-4,0.13204,2e-4,2e-4,2e-4,0.12133,2e-4,2e-4,0.74523,2e-4
3.1e-4,0.73841,0.25912,3.1e-4,3.1e-4,3.1e-4,3.1e-4,3.1e-4,3.1e-4,3.1e-4
0.06114,3.2e-4,0.34828,3.2e-4,3.2e-4,3.2e-4,3.2e-4,3.2e-4,0.32697,0.26171
6e-4,0.18581,0.3055,6e-4,6e-4,6e-4,6e-4,6e-4,0.44508,0.06004
4e-4,4.1e-4,0.38274,0.42686,4e-4,0.1043,0.08367,4e-4,4.1e-4,4e-4
0.79979,0.00294,0.00294,0.00294,0.00294,0.00294,0.00294,0.17667,0.00294,0.00294
0.00204,0.00204,0.17093,0.19377,0.62101,0.00204,0.00204,0.00204,0.00204,0.00204
7.7e-4,7.7e-4,0.62177,0.25378,7.7e-4,7.7e-4,0.11906,7.7e-4,7.7e-4,7.7e-4
0.12432,3.8e-4,0.36532,0.43936,3.8e-4,3.8e-4,3.8e-4,0.04934,0.01977,3.8e-4
3.2e-4,3.2e-4,3.2e-4,0.75009,3.2e-4,3.2e-4,3.2e-4,3.2e-4,3.2e-4,0.24734
3.1e-4,0.32198,0.11712,3.1e-4,3.1e-4,3.1e-4,0.05551,3.1e-4,0.50351,3.1e-4
3.1e-4,3.1e-4,3.1e-4,0.72731,0.2702,3.1e-4,3.1e-4,3.1e-4,3.1e-4,3.1e-4
0.76345,5.8e-4,5.8e-4,5.8e-4,5.8e-4,5.8e-4,5.8e-4,0.01359,0.21889,5.8e-4
2e-4,2e-4,2e-4,0.11295,0.11496,0.31971,0.1604,2e-4,2e-4,0.29101
1.9e-4,1.9e-4,0.54726,1.9e-4,1.9e-4,1.9e-4,1.9e-4,1.9e-4,1.9e-4,0.45124
0.05196,2.5e-4,2.5e-4,2.5e-4,2.5e-4,2.5e-4,2.5e-4,2.5e-4,2.5e-4,0.94605
0.26602,0.00161,0.00161,0.358,0.00161,0.00161,0.00161,0.00161,0.00161,0.36469
7.8e-4,7.8e-4,7.8e-4,0.62497,7.8e-4,0.36882,7.8e-4,7.8e-4,7.8e-4,7.8e-4
0.59544,0.00278,0.00278,0.38233,0.00278,0.00278,0.00278,0.00278,0.00278,0.00278
0.3784,0.12352,0.15868,3.3e-4,0.26149,3.3e-4,3.3e-4,3.3e-4,0.07624,3.3e-4
0.75409,9.8e-4,9.8e-4,9.8e-4,0.11596,9.8e-4,9.8e-4,0.12308,9.8e-4,9.8e-4
0.66992,3.3e-4,0.08899,0.16497,3.3e-4,3.3e-4,0.07413,3.3e-4,3.3e-4,3.3e-4
0.85194,5.5e-4,5.5e-4,5.5e-4,0.0307,0.04366,0.07039,5.5e-4,5.5e-4,5.5e-4
0.81706,7.1e-4,7.1e-4,0.17722,7.1e-4,7.1e-4,7.1e-4,7.1e-4,7.1e-4,7.1e-4
1.6e-4,1.6e-4,1.6e-4,1.6e-4,1.6e-4,1.6e-4,1.6e-4,1.6e-4,1.6e-4,0.99854
0.9948,5.8e-4,5.8e-4,5.8e-4,5.8e-4,5.8e-4,5.8e-4,5.8e-4,5.8e-4,5.8e-4
2e-4,0.41479,0.18159,0.39244,0.01,2e-4,2e-4,2e-4,2e-4,2e-4
1.6e-4,1.6e-4,0.14934,1.6e-4,0.04224,1.6e-4,0.75498,1.6e-4,1.6e-4,0.0525
0.14144,6.6e-4,6.6e-4,6.6e-4,0.41019,6.6e-4,6.6e-4,0.04344,6.6e-4,0.40099
0.28773,3.6e-4,0.20726,0.28159,3.6e-4,3.6e-4,3.6e-4,3.6e-4,0.13934,0.08229
0.22372,6.7e-4,0.29579,0.47582,6.7e-4,6.7e-4,6.7e-4,6.7e-4,6.7e-4,6.7e-4
4.1e-4,4.1e-4,4.1e-4,0.24647,4.1e-4,4.1e-4,0.52156,4.1e-4,4.1e-4,0.22912
6.9e-4,6.9e-4,0.1558,0.10797,0.24751,6.9e-4,6.9e-4,6.9e-4,0.48461,6.9e-4
6.5e-4,0.10991,6.5e-4,0.81982,6.5e-4,6.5e-4,6.5e-4,6.5e-4,0.06572,6.5e-4
0.99524,5.3e-4,5.3e-4,5.3e-4,5.3e-4,5.3e-4,5.3e-4,5.3e-4,5.3e-4,5.3e-4
3.1e-4,3.1e-4,0.05919,0.02558,3.1e-4,3.1e-4,3.1e-4,3.1e-4,0.91308,3.1e-4
0.97567,0.0027,0.0027,0.0027,0.0027,0.0027,0.0027,0.0027,0.0027,0.0027
0.20179,3.6e-4,0.24633,0.50289,3.6e-4,3.6e-4,3.6e-4,3.6e-4,0.04681,3.6e-4
0.00729,6e-4,0.73723,0.25129,6e-4,6e-4,6e-4,6e-4,6e-4,6e-4
6e-4,6e-4,0.91197,0.08321,6e-4,6e-4,6e-4,6e-4,6e-4,6e-4
0.90442,7.6e-4,7.6e-4,7.6e-4,0.08952,7.6e-4,7.6e-4,7.6e-4,7.6e-4,7.6e-4
0.82811,0.00152,0.15976,0.00152,0.00152,0.00152,0.00152,0.00152,0.00152,0.00152
8e-4,8e-4,8e-4,0.10305,0.17956,8e-4,8e-4,8e-4,0.71179,8e-4
7.4e-4,7.4e-4,0.9587,7.4e-4,7.4e-4,7.4e-4,7.4e-4,0.03537,7.4e-4,7.4e-4
0.34931,0.001,0.16639,0.001,0.06721,0.001,0.001,0.001,0.001,0.41109
6.9e-4,6.9e-4,0.99375,6.9e-4,6.9e-4,6.9e-4,6.9e-4,6.9e-4,6.9e-4,6.9e-4
0.08713,3.1e-4,3.1e-4,0.91038,3.1e-4,3.1e-4,3.1e-4,3.1e-4,3.1e-4,3.1e-4
0.10339,4.2e-4,4.2e-4,0.89326,4.2e-4,4.2e-4,4.2e-4,4.2e-4,4.2e-4,4.2e-4
0.21762,1.4e-4,1.4e-4,0.78124,1.4e-4,1.4e-4,1.4e-4,1.4e-4,1.4e-4,1.4e-4
0.97428,0.00286,0.00286,0.00286,0.00286,0.00286,0.00286,0.00286,0.00286,0.00286
0.70349,0.00106,0.28799,0.00106,0.00106,0.00106,0.00106,0.00106,0.00106,0.00106
0.87214,7.5e-4,0.12189,7.5e-4,7.5e-4,7.5e-4,7.5e-4,7.5e-4,7.5e-4,7.5e-4
0.93017,0.00164,0.056710000000000003,0.00164,0.00164,0.00164,0.00164,0.00164,0.00164,0.00164
0.98889,0.00123,0.00123,0.00123,0.00123,0.00123,0.00123,0.00123,0.00123,0.00123
0.99091,0.00101,0.00101,0.00101,0.00101,0.00101,0.00101,0.00101,0.00101,0.00101
0.98235,0.00196,0.00196,0.00196,0.00196,0.00196,0.00196,0.00196,0.00196,0.00196
0.17072,0.32092,0.50447,5.6e-4,5.6e-4,5.6e-4,5.6e-4,5.6e-4,5.6e-4,5.6e-4
0.24462,2.2e-4,2.2e-4,2.2e-4,2.2e-4,2.2e-4,2.2e-4,2.2e-4,2.2e-4,0.75366
0.06235,0.0345,0.41289,0.15319,4.7e-4,4.7e-4,4.7e-4,4.7e-4,0.33472,4.7e-4
6.5e-4,6.5e-4,0.31183,0.06377,0.32509,6.5e-4,6.5e-4,6.5e-4,0.29542,6.5e-4
0.26526,2.2e-4,2.2e-4,0.25349,2.2e-4,2.2e-4,0.42934,2.2e-4,0.01078,0.04004
2.1e-4,2.1e-4,0.99815,2.1e-4,2.1e-4,2.1e-4,2.1e-4,2.1e-4,2.1e-4,2.1e-4
0.16984,5e-4,5e-4,0.23115,5e-4,5e-4,5e-4,0.01529,0.58075,5e-4
2.1e-4,2.1e-4,0.12574,0.69259,2.1e-4,2.1e-4,2.1e-4,2.1e-4,0.06655,0.11387
0.84802,0.00286,0.00286,0.12912,0.00286,0.00286,0.00286,0.00286,0.00286,0.00286
2.6e-4,2.6e-4,2.6e-4,0.02835,2.6e-4,2.6e-4,2.6e-4,2.6e-4,2.6e-4,0.96958
2.6e-4,2.6e-4,2.6e-4,0.03018,2.6e-4,2.6e-4,2.6e-4,2.6e-4,2.6e-4,0.96775
1.9e-4,1.9e-4,1.9e-4,1.9e-4,1.9e-4,1.9e-4,1.9e-4,1.9e-4,1.9e-4,0.99828
0.0312,2.3e-4,2.3e-4,2.3e-4,2.3e-4,2.3e-4,2.3e-4,2.3e-4,2.3e-4,0.96695
0.05382,2.5e-4,2.5e-4,2.5e-4,2.5e-4,2.5e-4,2.5e-4,2.5e-4,2.5e-4,0.94417
0.05382,2.5e-4,2.5e-4,2.5e-4,2.5e-4,2.5e-4,2.5e-4,2.5e-4,2.5e-4,0.94417
0.05856,2.4e-4,2.4e-4,2.4e-4,2.4e-4,2.4e-4,2.4e-4,2.4e-4,2.4e-4,0.93948
1.9e-4,1.9e-4,1.9e-4,1.9e-4,1.9e-4,0.07258,1.9e-4,1.9e-4,1.9e-4,0.9259
0.9973,3e-4,3e-4,3e-4,3e-4,3e-4,3e-4,3e-4,3e-4,3e-4
0.98524,0.00164,0.00164,0.00164,0.00164,0.00164,0.00164,0.00164,0.00164,0.00164
0.96538,0.00385,0.00385,0.00385,0.00385,0.00385,0.00385,0.00385,0.00385,0.00385
0.98269,0.00192,0.00192,0.00192,0.00192,0.00192,0.00192,0.00192,0.00192,0.00192
0.31057,0.46388,2.9e-4,0.19446,2.9e-4,0.02937,2.9e-4,2.9e-4,2.9e-4,2.9e-4
4e-4,4e-4,4e-4,4e-4,4e-4,4e-4,4e-4,0.04885,0.43475,0.51361
0.25482,2.3e-4,2.3e-4,2.3e-4,2.3e-4,2.3e-4,2.3e-4,2.3e-4,0.49721,0.24638
3.2e-4,3.2e-4,0.68731,0.08553,3.2e-4,3.2e-4,0.2249,3.2e-4,3.2e-4,3.2e-4
4.2e-4,4.2e-4,0.85491,0.12567,4.2e-4,4.2e-4,0.01651,4.2e-4,4.2e-4,4.2e-4
0.05178,0.38365,5.5e-4,5.5e-4,0.13984,0.21466,0.16935,5.5e-4,5.5e-4,0.03851
0.00244,0.00244,0.4632,0.51728,0.00244,0.00244,0.00244,0.00244,0.00244,0.00244
9.9e-4,0.08472,9.9e-4,0.37502,9.9e-4,9.9e-4,9.9e-4,9.9e-4,0.53332,9.9e-4
7e-4,7e-4,7e-4,0.56809,7e-4,7e-4,0.42632,7e-4,7e-4,7e-4
1.3e-4,1.3e-4,1.3e-4,1.3e-4,1.3e-4,1.3e-4,1.3e-4,1.3e-4,1.3e-4,0.99879
3.7e-4,3.7e-4,3.7e-4,3.7e-4,3.7e-4,3.7e-4,0.05797,3.7e-4,3.7e-4,0.93906
3.1e-4,3.1e-4,3.1e-4,3.1e-4,0.12458,3.1e-4,0.46134,3.1e-4,0.19571,0.21649
0.13684,2.7e-4,2.7e-4,2.7e-4,2.7e-4,2.7e-4,2.7e-4,2.7e-4,2.7e-4,0.86102
1.3e-4,1.3e-4,1.3e-4,1.3e-4,1.3e-4,1.3e-4,0.01327,1.3e-4,1.3e-4,0.98568
6.3e-4,6.3e-4,0.74752,6.3e-4,6.3e-4,6.3e-4,0.24745,6.3e-4,6.3e-4,6.3e-4
0.1023,0.29863,0.18407,0.37358,4.5e-4,4.5e-4,4.5e-4,4.5e-4,0.03914,4.5e-4
1.9e-4,0.30804,1.9e-4,1.9e-4,0.03011,1.9e-4,1.9e-4,1.9e-4,0.66054,1.9e-4
0.07935,5.7e-4,0.91606,5.7e-4,5.7e-4,5.7e-4,5.7e-4,5.7e-4,5.7e-4,5.7e-4
4.7e-4,4.7e-4,0.43538,0.08283,4.7e-4,4.7e-4,0.11153,4.7e-4,0.36743,4.7e-4
0.00133,0.00133,0.988,0.00133,0.00133,0.00133,0.00133,0.00133,0.00133,0.00133
6.6e-4,6.6e-4,0.52295,6.6e-4,0.47179,6.6e-4,6.6e-4,6.6e-4,6.6e-4,6.6e-4
6.3e-4,6.3e-4,0.23834,0.24152,0.11893,6.3e-4,0.3974,6.3e-4,6.3e-4,6.3e-4
0.20515,7.8e-4,0.36091,0.42847,7.8e-4,7.8e-4,7.8e-4,7.8e-4,7.8e-4,7.8e-4
5.7e-4,5.7e-4,0.4167,0.57878,5.7e-4,5.7e-4,5.7e-4,5.7e-4,5.7e-4,5.7e-4
0.9202,4.9e-4,4.9e-4,4.9e-4,4.9e-4,4.9e-4,4.9e-4,0.07586,4.9e-4,4.9e-4
0.27453,0.00765,1.3e-4,0.58381,1.3e-4,1.3e-4,1.3e-4,1.3e-4,0.13321,1.3e-4
0.11914,8.9e-4,8.9e-4,0.87371,8.9e-4,8.9e-4,8.9e-4,8.9e-4,8.9e-4,8.9e-4
6.8e-4,6.8e-4,0.07191,6.8e-4,0.26356,6.8e-4,0.65979,6.8e-4,6.8e-4,6.8e-4
0.1337,2.6e-4,2.6e-4,2.6e-4,2.6e-4,2.6e-4,0.10243,2.6e-4,2.6e-4,0.76202
7.4e-4,0.57733,7.4e-4,7.4e-4,7.4e-4,0.13567,7.4e-4,7.4e-4,7.4e-4,0.28185
2.2e-4,2.2e-4,0.99801,2.2e-4,2.2e-4,2.2e-4,2.2e-4,2.2e-4,2.2e-4,2.2e-4
3.8e-4,3.8e-4,0.98075,3.8e-4,3.8e-4,3.8e-4,0.01617,3.8e-4,3.8e-4,3.8e-4
3.6e-4,3.6e-4,0.29117,0.24829,3.6e-4,3.6e-4,0.42165,3.6e-4,3.6e-4,0.03671
3.4e-4,3.4e-4,0.52438,0.43799,3.4e-4,3.4e-4,0.03526,3.4e-4,3.4e-4,3.4e-4
0.00303,0.00303,0.00303,0.00303,0.00303,0.00303,0.00303,0.00303,0.97272,0.00303
4e-4,4e-4,0.87748,4e-4,4e-4,4e-4,4e-4,4e-4,4e-4,0.11935
3.2e-4,0.47564,3.2e-4,3.2e-4,3.2e-4,0.52183,3.2e-4,3.2e-4,3.2e-4,3.2e-4
1.4e-4,0.26034,1.4e-4,1.4e-4,1.4e-4,0.50891,1.4e-4,0.13639,0.09351,1.4e-4
0.9968,3.6e-4,3.6e-4,3.6e-4,3.6e-4,3.6e-4,3.6e-4,3.6e-4,3.6e-4,3.6e-4
3.9e-4,0.33061,3.9e-4,3.9e-4,0.1636,3.9e-4,3.9e-4,3.9e-4,0.50306,3.9e-4
0.15326,8.5e-4,0.79073,8.5e-4,8.5e-4,8.5e-4,8.5e-4,8.5e-4,8.6e-4,0.05003
9.7e-4,9.7e-4,9.7e-4,9.7e-4,0.23661,9.7e-4,0.34185,0.41474,9.7e-4,9.7e-4
7.2e-4,7.2e-4,7.2e-4,7.2e-4,7.2e-4,0.27533,7.2e-4,7.2e-4,0.71892,7.2e-4
0.63034,0.00189,0.00189,0.00189,0.00189,0.00189,0.35456,0.00189,0.00189,0.00189
0.39432,1.9e-4,0.15698,0.16932,1.9e-4,0.11358,1.9e-4,0.02697,1.9e-4,0.13808
8.9e-4,8.9e-4,0.366,0.62692,8.9e-4,8.9e-4,8.9e-4,8.9e-4,8.9e-4,8.9e-4
1.9e-4,1.9e-4,1.9e-4,1.9e-4,1.9e-4,0.17235,1.9e-4,1.9e-4,0.56081,0.26553
2.5e-4,0.33596,2.5e-4,0.09256,2.5e-4,2.5e-4,2.5e-4,2.5e-4,0.56971,2.5e-4
3.5e-4,3.5e-4,0.41769,0.31357,3.5e-4,0.08715,3.5e-4,3.5e-4,3.5e-4,0.1795
0.04881,0.31657,1e-4,1e-4,1e-4,1e-4,1e-4,1e-4,0.62366,0.01034
3.4e-4,3.4e-4,3.4e-4,3.4e-4,3.4e-4,3.4e-4,3.4e-4,0.06037,0.41629,0.52093
4.9e-4,4.9e-4,0.10735,4.9e-4,4.9e-4,0.22798,4.9e-4,0.32514,4.9e-4,0.33659
1.6e-4,0.19935,1.6e-4,1.6e-4,0.3051,1.6e-4,1.6e-4,1.6e-4,0.34338,0.15118
4.5e-4,0.05321,0.71076,0.10213,4.5e-4,4.5e-4,4.5e-4,4.5e-4,4.5e-4,0.13121
0.31932,3.4e-4,3.4e-4,0.16378,3.4e-4,3.4e-4,3.4e-4,3.4e-4,0.51455,3.4e-4
0.98421,0.00175,0.00175,0.00175,0.00175,0.00175,0.00175,0.00175,0.00175,0.00175
0.03015,4.7e-4,0.3338,0.12913,4.7e-4,4.7e-4,4.7e-4,4.7e-4,0.50411,4.7e-4
5.9e-4,5.9e-4,0.9947,5.9e-4,5.9e-4,5.9e-4,5.9e-4,5.9e-4,5.9e-4,5.9e-4
2.9e-4,0.0508,2.9e-4,2.9e-4,0.05369,2.9e-4,0.75881,2.9e-4,2.9e-4,0.13497
0.00217,0.00217,0.00217,0.00217,0.00217,0.50746,0.00217,0.00217,0.10228,0.37504
0.99752,2.8e-4,2.8e-4,2.8e-4,2.8e-4,2.8e-4,2.8e-4,2.8e-4,2.8e-4,2.8e-4
3.4e-4,0.02421,3.4e-4,0.4493,3.4e-4,0.05355,3.4e-4,0.47091,3.4e-4,3.4e-4
0.00167,0.00167,0.39184,0.00167,0.00167,0.00167,0.00167,0.00167,0.59482,0.00167
6.2e-4,6.2e-4,0.99441,6.2e-4,6.2e-4,6.2e-4,6.2e-4,6.2e-4,6.2e-4,6.2e-4
0.0802,4e-4,0.23411,0.50655,0.02714,4e-4,4e-4,4e-4,4e-4,0.15001
0.99816,2e-4,2e-4,2e-4,2e-4,2e-4,2e-4,2e-4,2e-4,2e-4
0.9717,2.5e-4,2.5e-4,2.5e-4,2.5e-4,2.5e-4,0.02628,2.5e-4,2.5e-4,2.5e-4
0.98831,0.0013,0.0013,0.0013,0.0013,0.0013,0.0013,0.0013,0.0013,0.0013
3.8e-4,3.8e-4,0.66274,0.22666,0.10791,3.8e-4,3.8e-4,3.8e-4,3.8e-4,3.8e-4
4.5e-4,4.5e-4,4.5e-4,4.5e-4,0.67023,4.5e-4,4.5e-4,0.08025,4.5e-4,0.24633
0.54339,8.5e-4,8.5e-4,0.21378,8.5e-4,8.5e-4,8.5e-4,8.5e-4,0.2369,8.5e-4
0.57143,7.2e-4,7.2e-4,0.22699,7.2e-4,7.2e-4,7.2e-4,7.2e-4,0.19654,7.2e-4
4.3e-4,4.3e-4,4.3e-4,4.3e-4,0.19513,4.3e-4,4.3e-4,4.3e-4,0.80146,4.3e-4
2.4e-4,2.4e-4,2.4e-4,2.4e-4,0.01796,2.4e-4,2.4e-4,2.4e-4,2.4e-4,0.98009
5.1e-4,5.1e-4,5.1e-4,0.6216,0.05401,5.1e-4,0.32084,5.1e-4,5.1e-4,5.1e-4
2.4e-4,2.4e-4,2.4e-4,2.4e-4,0.9978,2.4e-4,2.4e-4,2.4e-4,2.4e-4,2.4e-4
8.9e-4,8.9e-4,8.9e-4,8.9e-4,8.9e-4,8.9e-4,0.99196,8.9e-4,8.9e-4,8.9e-4
0.38977,5.7e-4,5.7e-4,0.25787,5.7e-4,5.7e-4,5.7e-4,5.7e-4,0.34836,5.7e-4
0.00154,0.00154,0.00154,0.83573,0.00154,0.00154,0.00154,0.00154,0.15196,0.00154
0.00143,0.00143,0.00143,0.80538,0.18319,0.00143,0.00143,0.00143,0.00143,0.00143
0.91239,0.07059,0.00213,0.00213,0.00213,0.00213,0.00213,0.00213,0.00213,0.00213
0.03334,0.03333,0.03333,0.03333,0.03334,0.03334,0.03333,0.69998,0.03334,0.03334
0.09442,1.6e-4,1.6e-4,1.6e-4,1.6e-4,1.6e-4,1.6e-4,0.00775,0.23607,0.66082
0.52994,1.7e-4,1.7e-4,0.17851,1.7e-4,1.7e-4,1.7e-4,1.7e-4,0.01576,0.27477
0.00278,0.00278,0.00278,0.17229,0.00278,0.00278,0.00278,0.00278,0.34006,0.4682
6.5e-4,0.56865,0.29656,6.5e-4,6.5e-4,6.5e-4,6.5e-4,6.5e-4,0.13027,6.5e-4
0.191,6.5e-4,6.5e-4,6.5e-4,6.5e-4,6.5e-4,6.5e-4,6.5e-4,0.80381,6.5e-4
6.6e-4,6.6e-4,6.6e-4,6.6e-4,6.6e-4,6.6e-4,6.6e-4,6.6e-4,6.6e-4,0.99404
1.7e-4,1.7e-4,1.7e-4,1.7e-4,1.7e-4,1.7e-4,1.7e-4,1.7e-4,1.7e-4,0.99849
1.7e-4,1.7e-4,1.7e-4,1.7e-4,1.7e-4,1.7e-4,1.7e-4,1.7e-4,1.7e-4,0.99843
0.01429,0.01429,0.01429,0.69755,0.01429,0.01429,0.01429,0.01429,0.01429,0.18814
7.6e-4,7.6e-4,7.6e-4,7.6e-4,7.6e-4,7.6e-4,7.6e-4,7.6e-4,7.6e-4,0.99318
1.1e-4,1.1e-4,1.1e-4,1.1e-4,1.1e-4,1.1e-4,1.1e-4,1.1e-4,1.1e-4,0.99899
0.51438,2.7e-4,2.7e-4,2.7e-4,2.7e-4,2.7e-4,2.7e-4,2.7e-4,0.03699,0.44674
1.4e-4,1.4e-4,1.4e-4,1.4e-4,1.4e-4,0.01496,1.4e-4,1.4e-4,1.4e-4,0.98389
2.1e-4,2.1e-4,2.1e-4,2.1e-4,2.1e-4,2.1e-4,2.1e-4,2.1e-4,2.1e-4,0.9981
1.7e-4,1.7e-4,1.7e-4,1.7e-4,1.7e-4,1.7e-4,1.7e-4,1.7e-4,1.7e-4,0.99843
0.08669,9.2e-4,9.2e-4,9.2e-4,0.11143,9.2e-4,0.15792,9.2e-4,9.2e-4,0.63845
0.01711,2e-4,2e-4,2e-4,2e-4,2e-4,2e-4,2e-4,2e-4,0.98132
2e-4,2e-4,2e-4,2e-4,0.06044,2e-4,2e-4,2e-4,2e-4,0.93794
1.7e-4,1.7e-4,1.7e-4,1.7e-4,0.01507,1.7e-4,1.7e-4,1.7e-4,1.7e-4,0.98359
0.39419,0.00135,0.00135,0.00135,0.00135,0.00135,0.00135,0.00135,0.05929,0.53706
0.01832,0.04737,1.9e-4,1.9e-4,1.9e-4,1.9e-4,1.9e-4,1.9e-4,0.17638,0.75679
0.5787,0.00123,0.00123,0.00123,0.00123,0.00123,0.00123,0.00123,0.00123,0.41142
0.55596,0.00833,0.00834,0.00834,0.00834,0.00833,0.00833,0.00834,0.00834,0.37735
0.2892,8.1e-4,8.1e-4,8.1e-4,8.1e-4,8.1e-4,8.1e-4,8.1e-4,8.1e-4,0.70429
1.3e-4,1.3e-4,1.3e-4,1.3e-4,1.3e-4,1.3e-4,1.3e-4,1.3e-4,1.3e-4,0.99885
0.06122,2.3e-4,2.3e-4,2.3e-4,2.3e-4,2.3e-4,2.3e-4,2.3e-4,2.3e-4,0.93692
0.64031,6.5e-4,6.5e-4,6.5e-4,6.5e-4,6.5e-4,0.06323,6.5e-4,0.16816,0.12437
3.4e-4,3.4e-4,3.4e-4,0.50831,3.4e-4,3.4e-4,3.4e-4,3.4e-4,0.48895,3.4e-4
0.22812,2.7e-4,2.7e-4,0.14713,2.7e-4,2.7e-4,0.01102,2.7e-4,0.38535,0.22701
0.29118,2.3e-4,2.3e-4,0.15038,2.3e-4,2.3e-4,2.3e-4,2.3e-4,0.55683,2.3e-4
0.23624,0.11237,2.7e-4,0.00686,0.50628,0.02122,2.7e-4,2.7e-4,0.11596,2.7e-4
2.8e-4,2.8e-4,0.93611,0.06165,2.8e-4,2.8e-4,2.8e-4,2.8e-4,2.8e-4,2.8e-4
0.99412,6.5e-4,6.5e-4,6.5e-4,6.5e-4,6.5e-4,6.5e-4,6.5e-4,6.5e-4,6.5e-4
0.66645,0.00185,0.00185,0.00185,0.00185,0.00185,0.00185,0.14589,0.00185,0.1747
0.59529,3.4e-4,3.4e-4,3.4e-4,3.4e-4,3.4e-4,3.4e-4,0.14766,0.25467,3.4e-4
0.91041,6.3e-4,6.3e-4,6.3e-4,6.3e-4,6.3e-4,6.3e-4,0.08456,6.3e-4,6.3e-4
0.33774,2.7e-4,2.7e-4,0.0856,2.7e-4,0.01319,2.7e-4,0.48711,0.07501,2.7e-4
0.19107,4.6e-4,4.6e-4,0.64259,4.6e-4,4.6e-4,0.1631,4.6e-4,4.6e-4,4.6e-4
0.21009,4.9e-4,4.9e-4,4.9e-4,4.9e-4,4.9e-4,4.9e-4,0.11687,4.9e-4,0.66964
3.3e-4,0.26565,3.3e-4,0.50891,0.03932,3.3e-4,3.3e-4,3.3e-4,3.3e-4,0.18415
0.83818,0.00156,0.10898,0.0419,0.00156,0.00156,0.00156,0.00156,0.00156,0.00156
0.39208,0.00167,0.00167,0.00167,0.00167,0.00167,0.00167,0.00167,0.59459,0.00167
0.43386,0.10568,0.06752,0.33724,3.9e-4,0.01067,3.9e-4,3.9e-4,0.04345,3.9e-4
2.4e-4,2.4e-4,2.4e-4,2.4e-4,2.4e-4,0.04215,2.4e-4,2.4e-4,0.60894,0.34721
3.6e-4,0.03908,0.13964,0.05376,3.6e-4,0.20446,0.56126,3.6e-4,3.6e-4,3.6e-4
7.4e-4,7.4e-4,7.4e-4,7.4e-4,0.06399,7.4e-4,7.4e-4,7.4e-4,0.89026,0.0406
